000629    钒钛股份
002478    常宝股份
603878    武进不锈
601005    重庆钢铁
601003    1214
600808    1214
600782    1214
600581    1214
600569    1214
600516    1214
600507    1214
600307    1214
600295    1214
600231    1214
600019    1214
600010    1214
600022    1214
002443    1214
000923    1214
002318    1214
002110    1214
000709    1214
000717    1214
000778    1214
000898    1214
000708    1213
000761    1213
000825    1213
000932    1213
600117    1213
000655    1213
600399    1212
600382    1211
002075    1209
600126    1207
600282    1205
601969    1204
000959    1192
603995    1035
688186    1007
300881     868
601686     806
001203     705
301160     445
601121     258